1
103 Ibuprofen 2.500000 40 510 4
1
204 120 0 6 7 2025
1
211 110 0 3 4 2025
0
1
212 90 0 23 6 2025
0
0
1
210 100 0 7 8 2025
0
0
1
301 medlife 34787347 120
0
1
304 Quickmeds 3457348 100
0
1
307 Medipoint 348786573 110
0
1
308 Apexmed 995566778 90
0
1
309 Novahealth 349758 90
0
0
1
101 Paracetamol 1.500000 20 560 2
1
201 300 -536936964 10 8 2025
1
203 40 -1482250824 4 5 2025
0
1
205 30 -136915500 25 6 2025
0
0
1
202 100 134222087 3 9 2025
0
1
204 90 -808530484 23 11 2025
0
0
1
301 Medlife 37254873 300
1
300 Madani 89347586 30
0
0
1
302 Pharmaplus 327334 100
0
1
303 Healthcorp 4653478 60
0
1
304 Quickmeds 3465327634 90
0
1
305 Medexpress 34765736 30
0
0
0
1
102 Amoxicilliin 2.000000 30 470 1
1
202 90 -2021227132 5 4 2025
0
1
206 200 -1347506772 6 5 2025
1
209 50 0 4 5 2025
0
0
1
207 80 -673786412 4 6 2025
0
1
208 50 0 6 7 2025
0
0
1
302 Pharmaplus 3928653287 90
0
1
303 Healthcorp 3477534 200
0
1
305 Medexpress 34873348 80
0
1
306 Wellcare 3657348097 50
0
1
307 Medipoint 38927434 50
0
0
0
0
1
107 Paracetamol 1.000000 20 860 3
1
229 200 0 25 8 2025
1
2332 160 34603536 1 12 2024
0
1
233 150 34603536 15 7 2025
0
0
1
230 180 1147498063 10 9 2025
0
1
231 170 1701670503 22 11 2025
0
0
1
301 Medlife 9876543210 200
0
1
303 Healthcorp 9765432180 180
0
1
304 Quickmeds 9988776655 170
0
1
308 Apexmed 9012345678 160
0
1
309 Novahealth 8090706050 150
0
0
1
105 Amoxicillin 3.200000 35 460 2
1
219 120 0 7 8 2024
1
221 120 0 4 5 2024
0
0
1
220 50 0 6 7 2025
1
222 80 0 2 3 2025
1
223 90 0 1 2 2025
0
0
0
0
1
301 Medlife 43673434809 120
0
1
302 Pharmaplus 3575278 50
0
1
307 Medipoint 348767342879 120
0
1
308 Apexmed 34876487 80
0
1
310 Healcorp 3487537234 90
0
0
1
104 Metformin 1.900000 50 330 1
1
214 90 0 7 8 2025
1
215 30 0 3 4 2024
0
1
216 40 0 4 5 2025
0
1
218 70 0 6 5 2025
0
0
1
217 100 0 6 9 2025
0
0
1
302 Pharamplus 3567635894 90
0
1
303 Healthcorp 8347857 30
0
1
305 Medistore 348765 40
0
1
308 Apexmed 934789547 100
0
1
309 Novahealth 3489752 70
0
0
0
0
1
106 Cetrizine 1.200000 30 575 1
1
24 225 0 7 8 2025
1
225 70 0 4 5 2025
0
1
226 80 0 5 6 2025
0
0
1
228 110 0 6 66 2025
0
0
1
303 Healthfirst 34897578 225
0
1
304 Quickmeds 32634287 70
0
1
305 Medistore 3276547326 80
0
1
307 Medipoint 9873583 90
0
1
310 Healcorp 34874674 110
0
0
0
0
1
108 Ibuprofen 2.500000 60 655 2
1
224 100 34603777 18 6 2025
1
234 140 50397953 10 11 2024
0
1
235 125 50397953 20 12 2024
0
0
1
225 130 50397954 20 7 2025
1
219 160 34865684 5 7 2025
0
0
0
1
301 Medlife 9876543210 100
0
1
303 Healthcorp 9765432108 130
0
1
305 Medistore 985421360 160
0
1
310 Healcorp 9678542310 140
0
1
312 Evercare 9345678912 125
0
0
0
1
109 m 2.000000 30 30 1
1
501 30 0 23 6 2025
0
0
1
401 s 876543 30
0
0
0
0
